
Time: 2025-05-12 16:20:35.932339+00:00
IP: 127.0.0.1
Location: None, None
Coordinates: 33.53871088341072, -7.683626637789177
User-Agent: Mozilla/5.0 (Windows NT 10.0; Win64; x64) AppleWebKit/537.36 (KHTML, like Gecko) Chrome/136.0.0.0 Safari/537.36 Edg/136.0.0.0

Time: 2025-05-12 16:21:38.399165+00:00
IP: 127.0.0.1
Location: None, None
Coordinates: 33.5387554, -7.6836683
User-Agent: Mozilla/5.0 (Windows NT 10.0; Win64; x64) AppleWebKit/537.36 (KHTML, like Gecko) Chrome/136.0.0.0 Safari/537.36
